service_id,date,exception_type
4503599630773892,20141111,2
4503599630773892,20141225,2
4503599630773892,20150101,2
4503599630773892,20150406,2
4503599630773892,20150501,2
4503599630773892,20150508,2
4503599630773892,20150514,2
4503599630773892,20150525,2
4503599630773892,20150714,2
4503599630773892,20151111,2
4503599630773892,20151225,2
4503599630810394,20141101,2
4503599630810394,20150815,2
4503599631507892,20141111,2
4503599631507892,20141225,2
4503599631507892,20150101,2
4503599631507892,20150406,2
4503599631507892,20150501,2
4503599631507892,20150508,2
4503599631507892,20150514,2
4503599631507892,20150525,2
4503599631507895,20141101,2
4503599631512310,20141111,2
4503599631512310,20141225,2
4503599631512310,20150101,2
4503599631512310,20150406,2
4503599631512310,20150501,2
4503599631512310,20150508,2
4503599631512310,20150514,2
4503599631512310,20150525,2
4503599631512310,20150714,2
4503599631531208,20141101,2
4503599631531208,20141111,2
4503599631531208,20141225,2
4503599631531208,20150101,2
4503599631531208,20150406,2
4503599631531208,20150501,2
4503599631531208,20150508,2
4503599631531208,20150514,2
4503599631531208,20150525,2
4503599631531208,20150714,2
4503599631531208,20150815,2
4503599631531208,20151111,2
4503599631531208,20151225,2
4503603922673401,20141111,2
4503603922673401,20141225,2
4503603922673401,20150101,2
4503603922673401,20150406,2
4503603922673401,20150501,2
4503603922673401,20150508,2
4503603922673401,20150514,2
4503603922673401,20150525,2
4503603922673401,20150714,2
4503603922673401,20151111,2
4503603922673401,20151225,2
4503603923740912,20141111,2
4503603923740912,20141225,2
4503603923740912,20150101,2
4503603923740912,20150406,2
4503603923740912,20150501,2
4503603923740912,20150508,2
4503603923740912,20150514,2
4503603923740912,20150525,2
4503603925963979,20141101,2
4503603925963979,20150815,2
4503603927925062,20141111,2
4503603927925062,20141225,2
4503603927925062,20150101,2
4503603927925062,20150406,2
4503603927925062,20150501,2
4503603927925062,20150508,2
4503603927925062,20150514,2
4503603927925062,20150525,2
4503603927925062,20150714,2
4503603927945615,20131109,2
4503603927945615,20131116,2
4503603927945615,20131123,2
4503603927945615,20131130,2
4503603927945615,20131207,2
4503603927945615,20131214,2
4503603927945615,20131221,2
4503603927945615,20131228,2
4503603927945615,20140104,2
4503603927945615,20140111,2
4503603927945615,20140118,2
4503603927945615,20140125,2
4503603927945615,20140201,2
4503603927945615,20140208,2
4503603927945615,20140215,2
4503603927945615,20140222,2
4503603927945615,20140301,2
4503603927945615,20140308,2
4503603927945615,20140315,2
4503603927945615,20140322,2
4503603927945615,20140329,2
4503603927945615,20140405,2
4503603927945615,20140412,2
4503603927945615,20140419,2
4503603927945615,20140426,2
4503603927945615,20140503,2
4503603927945615,20140510,2
4503603927945615,20140517,2
4503603927945615,20140524,2
4503603927945615,20140531,2
4503603927945615,20140607,2
4503603927945615,20140614,2
4503603927945615,20140621,2
4503603927945615,20140628,2
4503603927945615,20140705,2
4503603927945615,20140712,2
4503603927945615,20140719,2
4503603927945615,20140726,2
4503603927945615,20140802,2
4503603927945615,20140809,2
4503603927945615,20140816,2
4503603927945615,20140823,2
4503603927945615,20140830,2
4503603927945615,20140906,2
4503603927945615,20140913,2
4503603927945615,20140920,2
4503603927945615,20140927,2
4503603927945615,20141004,2
4503603927945615,20141011,2
4503603927945615,20141018,2
4503603927945615,20141025,2
4503603927945615,20141101,2
4503603927945615,20141108,2
4503603927945615,20141115,2
4503603927945615,20141122,2
4503603927945615,20141129,2
4503603927945615,20141206,2
4503603927945615,20141213,2
4503603927945615,20141220,2
4503603927945615,20141227,2
4503603927945615,20150103,2
4503603927945615,20150110,2
4503603927945615,20150117,2
4503603927945615,20150124,2
4503603927945615,20150131,2
4503603927945615,20150207,2
4503603927945615,20150214,2
4503603927945615,20150221,2
4503603927945615,20150228,2
4503603927945615,20150307,2
4503603927945615,20150314,2
4503603927945615,20150321,2
4503603927945615,20150328,2
4503603927945615,20150404,2
4503603927945615,20150411,2
4503603927945615,20150418,2
4503603927945615,20150425,2
4503603927945615,20150501,2
4503603927945615,20150502,2
4503603927945615,20150509,2
4503603927945615,20150516,2
4503603927945615,20150523,2
4503603927945615,20150530,2
4503603927945615,20150606,2
4503603927945615,20150613,2
4503603927945615,20150620,2
4503603927945615,20150627,2
4503603927945615,20150704,2
4503603927945615,20150711,2
4503603927945615,20150718,2
4503603927945615,20150725,2
4503603927945615,20150801,2
4503603927945615,20150808,2
4503603927945615,20150815,2
4503603927945615,20150822,2
4503603928094285,20141111,2
4503603928094285,20141225,2
4503603928094285,20150101,2
4503603928103735,20141111,2
4503603928103735,20141225,2
4503603928103735,20150101,2
4503603928103735,20150406,2
4503603928103735,20150501,2
4503603928103735,20150508,2
4503603928103735,20150514,2
4503603928103735,20150525,2
4503603928103735,20150714,2
4503603928103745,20141111,2
4503603928103745,20141225,2
4503603928103745,20150101,2
4503603928123137,20141020,2
4503603928123137,20141021,2
4503603928123137,20141022,2
4503603928123137,20141023,2
4503603928123137,20141024,2
4503603928123137,20141027,2
4503603928123137,20141028,2
4503603928123137,20141029,2
4503603928123137,20141030,2
4503603928123137,20141031,2
4503603928123137,20141111,2
4503603928123137,20141222,2
4503603928123137,20141223,2
4503603928123137,20141224,2
4503603928123137,20141225,2
4503603928123137,20141226,2
4503603928123137,20141229,2
4503603928123137,20141230,2
4503603928123137,20141231,2
4503603928123137,20150101,2
4503603928123137,20150102,2
4503603928123137,20150209,2
4503603928123137,20150210,2
4503603928123137,20150211,2
4503603928123137,20150212,2
4503603928123137,20150213,2
4503603928123137,20150216,2
4503603928123137,20150217,2
4503603928123137,20150218,2
4503603928123137,20150219,2
4503603928123137,20150220,2
4503603928123137,20150406,2
4503603928123137,20150413,2
4503603928123137,20150414,2
4503603928123137,20150415,2
4503603928123137,20150416,2
4503603928123137,20150417,2
4503603928123137,20150420,2
4503603928123137,20150421,2
4503603928123137,20150422,2
4503603928123137,20150423,2
4503603928123137,20150424,2
4503603928123137,20150501,2
4503603928123137,20150508,2
4503603928123137,20150514,2
4503603928123137,20150525,2
4503603928123673,20141020,2
4503603928123673,20141021,2
4503603928123673,20141022,2
4503603928123673,20141023,2
4503603928123673,20141024,2
4503603928123673,20141027,2
4503603928123673,20141028,2
4503603928123673,20141029,2
4503603928123673,20141030,2
4503603928123673,20141031,2
4503603928123673,20141111,2
4503603928123673,20141222,2
4503603928123673,20141223,2
4503603928123673,20141224,2
4503603928123673,20141225,2
4503603928123673,20141226,2
4503603928123673,20141229,2
4503603928123673,20141230,2
4503603928123673,20141231,2
4503603928123673,20150101,2
4503603928123673,20150102,2
4503603928123673,20150209,2
4503603928123673,20150210,2
4503603928123673,20150211,2
4503603928123673,20150212,2
4503603928123673,20150213,2
4503603928123673,20150216,2
4503603928123673,20150217,2
4503603928123673,20150218,2
4503603928123673,20150219,2
4503603928123673,20150220,2
4503603928123673,20150406,2
4503603928123673,20150413,2
4503603928123673,20150414,2
4503603928123673,20150415,2
4503603928123673,20150416,2
4503603928123673,20150417,2
4503603928123673,20150420,2
4503603928123673,20150421,2
4503603928123673,20150422,2
4503603928123673,20150423,2
4503603928123673,20150424,2
4503603928123673,20150501,2
4503603928123673,20150508,2
4503603928123673,20150514,2
4503603928123673,20150525,2
4503603928133099,20141101,2
4503603928139242,20141101,1
4503603928139242,20141111,1
4503603928139242,20141225,1
4503603928139242,20150101,1
4503603928139242,20150406,1
4503603928139242,20150508,1
4503603928139242,20150514,1
4503603928139242,20150525,1
4503603928160807,20141101,2
4503603928160845,20141101,1
4503603928160845,20141111,1
4503603928160845,20141225,1
4503603928160845,20150101,1
4503603928160845,20150406,1
4503603928160845,20150508,1
4503603928160845,20150514,1
4503603928160845,20150525,1
4503603928160992,20141020,2
4503603928160992,20141021,2
4503603928160992,20141022,2
4503603928160992,20141023,2
4503603928160992,20141024,2
4503603928160992,20141027,2
4503603928160992,20141028,2
4503603928160992,20141029,2
4503603928160992,20141030,2
4503603928160992,20141031,2
4503603928160992,20141111,2
4503603928160992,20141222,2
4503603928160992,20141223,2
4503603928160992,20141224,2
4503603928160992,20141225,2
4503603928160992,20141226,2
4503603928160992,20141229,2
4503603928160992,20141230,2
4503603928160992,20141231,2
4503603928160992,20150101,2
4503603928160992,20150102,2
4503603928160992,20150209,2
4503603928160992,20150210,2
4503603928160992,20150211,2
4503603928160992,20150212,2
4503603928160992,20150213,2
4503603928160992,20150216,2
4503603928160992,20150217,2
4503603928160992,20150218,2
4503603928160992,20150219,2
4503603928160992,20150220,2
4503603928160992,20150406,2
4503603928160992,20150413,2
4503603928160992,20150414,2
4503603928160992,20150415,2
4503603928160992,20150416,2
4503603928160992,20150417,2
4503603928160992,20150420,2
4503603928160992,20150421,2
4503603928160992,20150422,2
4503603928160992,20150423,2
4503603928160992,20150424,2
4503603928160992,20150501,2
4503603928160992,20150508,2
4503603928160992,20150514,2
4503603928160992,20150525,2
4503603928161166,20141101,1
4503603928161166,20141111,1
4503603928161166,20141214,2
4503603928161166,20141221,2
4503603928161166,20141225,1
4503603928161166,20150101,1
4503603928161166,20150406,1
4503603928161166,20150508,1
4503603928161166,20150514,1
4503603928161166,20150525,1
4503603928162752,20141020,2
4503603928162752,20141021,2
4503603928162752,20141022,2
4503603928162752,20141023,2
4503603928162752,20141024,2
4503603928162752,20141027,2
4503603928162752,20141028,2
4503603928162752,20141029,2
4503603928162752,20141030,2
4503603928162752,20141031,2
4503603928162752,20141111,2
4503603928162752,20141222,2
4503603928162752,20141223,2
4503603928162752,20141224,2
4503603928162752,20141225,2
4503603928162752,20141226,2
4503603928162752,20141229,2
4503603928162752,20141230,2
4503603928162752,20141231,2
4503603928162752,20150101,2
4503603928162752,20150102,2
4503603928162752,20150209,2
4503603928162752,20150210,2
4503603928162752,20150211,2
4503603928162752,20150212,2
4503603928162752,20150213,2
4503603928162752,20150216,2
4503603928162752,20150217,2
4503603928162752,20150218,2
4503603928162752,20150219,2
4503603928162752,20150220,2
4503603928162752,20150406,2
4503603928162752,20150413,2
4503603928162752,20150414,2
4503603928162752,20150415,2
4503603928162752,20150416,2
4503603928162752,20150417,2
4503603928162752,20150420,2
4503603928162752,20150421,2
4503603928162752,20150422,2
4503603928162752,20150423,2
4503603928162752,20150424,2
4503603928162752,20150501,2
4503603928162752,20150508,2
4503603928162752,20150514,2
4503603928162752,20150525,2
4503603928167647,20141020,2
4503603928167647,20141021,2
4503603928167647,20141023,2
4503603928167647,20141024,2
4503603928167647,20141027,2
4503603928167647,20141028,2
4503603928167647,20141030,2
4503603928167647,20141031,2
4503603928167647,20141111,2
4503603928167647,20141222,2
4503603928167647,20141223,2
4503603928167647,20141225,2
4503603928167647,20141226,2
4503603928167647,20141229,2
4503603928167647,20141230,2
4503603928167647,20150101,2
4503603928167647,20150102,2
4503603928167647,20150209,2
4503603928167647,20150210,2
4503603928167647,20150212,2
4503603928167647,20150213,2
4503603928167647,20150216,2
4503603928167647,20150217,2
4503603928167647,20150219,2
4503603928167647,20150220,2
4503603928167647,20150406,2
4503603928167647,20150413,2
4503603928167647,20150414,2
4503603928167647,20150416,2
4503603928167647,20150417,2
4503603928167647,20150420,2
4503603928167647,20150421,2
4503603928167647,20150423,2
4503603928167647,20150424,2
4503603928167647,20150501,2
4503603928167647,20150508,2
4503603928167647,20150514,2
4503603928167647,20150525,2
4503603928183774,20141101,2
4503603928183892,20141101,2
4503603928184751,20141111,1
4503603928184751,20141225,1
4503603928184751,20150101,1
4503603928184751,20150406,1
4503603928184751,20150508,1
4503603928184751,20150514,1
4503603928184751,20150525,1
4503603928185194,20141108,2
4503603928185194,20141111,1
4503603928185194,20141115,2
4503603928185194,20141122,2
4503603928185194,20141129,2
4503603928185194,20141206,2
4503603928185194,20141213,2
4503603928185194,20141214,2
4503603928185194,20141220,2
4503603928185194,20141221,2
4503603928185194,20141225,1
4503603928185194,20141227,2
4503603928185194,20150101,1
4503603928185194,20150103,2
4503603928185194,20150110,2
4503603928185194,20150117,2
4503603928185194,20150124,2
4503603928185194,20150131,2
4503603928185194,20150207,2
4503603928185194,20150214,2
4503603928185194,20150221,2
4503603928185194,20150228,2
4503603928185194,20150307,2
4503603928185194,20150314,2
4503603928185194,20150321,2
4503603928185194,20150328,2
4503603928185194,20150404,2
4503603928185194,20150406,1
4503603928185194,20150411,2
4503603928185194,20150418,2
4503603928185194,20150425,2
4503603928185194,20150502,2
4503603928185194,20150508,1
4503603928185194,20150509,2
4503603928185194,20150514,1
4503603928185194,20150516,2
4503603928185194,20150523,2
4503603928185194,20150525,1
4503603928185194,20150530,2
4503603928185194,20150606,2
4503603928185194,20150613,2
4503603928185194,20150620,2
4503603928186181,20141108,2
4503603928186181,20141111,1
4503603928186181,20141115,2
4503603928186181,20141122,2
4503603928186181,20141129,2
4503603928186181,20141206,2
4503603928186181,20141213,2
4503603928186181,20141220,2
4503603928186181,20141225,1
4503603928186181,20141227,2
4503603928186181,20150101,1
4503603928186181,20150103,2
4503603928186181,20150110,2
4503603928186181,20150117,2
4503603928186181,20150124,2
4503603928186181,20150131,2
4503603928186181,20150207,2
4503603928186181,20150214,2
4503603928186181,20150221,2
4503603928186181,20150228,2
4503603928186181,20150307,2
4503603928186181,20150314,2
4503603928186181,20150321,2
4503603928186181,20150328,2
4503603928186181,20150404,2
4503603928186181,20150406,1
4503603928186181,20150411,2
4503603928186181,20150418,2
4503603928186181,20150425,2
4503603928186181,20150502,2
4503603928186181,20150508,1
4503603928186181,20150509,2
4503603928186181,20150514,1
4503603928186181,20150516,2
4503603928186181,20150523,2
4503603928186181,20150525,1
4503603928186181,20150530,2
4503603928186181,20150606,2
4503603928186181,20150613,2
4503603928190451,20141111,2
4503603928190451,20141222,2
4503603928190451,20141223,2
4503603928190451,20141224,2
4503603928190451,20141225,2
4503603928190451,20141226,2
4503603928190451,20141229,2
4503603928190451,20141230,2
4503603928190451,20141231,2
4503603928190451,20150101,2
4503603928190451,20150102,2
4503603928190451,20150209,2
4503603928190451,20150210,2
4503603928190451,20150211,2
4503603928190451,20150212,2
4503603928190451,20150213,2
4503603928190451,20150216,2
4503603928190451,20150217,2
4503603928190451,20150218,2
4503603928190451,20150219,2
4503603928190451,20150220,2
4503603928190451,20150406,2
4503603928190451,20150413,2
4503603928190451,20150414,2
4503603928190451,20150415,2
4503603928190451,20150416,2
4503603928190451,20150417,2
4503603928190451,20150420,2
4503603928190451,20150421,2
4503603928190451,20150422,2
4503603928190451,20150423,2
4503603928190451,20150424,2
4503603928190451,20150501,2
4503603928190451,20150508,2
4503603928190451,20150514,2
4503603928190451,20150525,2
4503603928192089,20141111,2
4503603928192089,20141222,2
4503603928192089,20141223,2
4503603928192089,20141224,2
4503603928192089,20141225,2
4503603928192089,20141226,2
4503603928192089,20141229,2
4503603928192089,20141230,2
4503603928192089,20141231,2
4503603928192089,20150101,2
4503603928192089,20150102,2
4503603928192089,20150209,2
4503603928192089,20150210,2
4503603928192089,20150211,2
4503603928192089,20150212,2
4503603928192089,20150213,2
4503603928192089,20150216,2
4503603928192089,20150217,2
4503603928192089,20150218,2
4503603928192089,20150219,2
4503603928192089,20150220,2
4503603928192089,20150406,2
4503603928192089,20150413,2
4503603928192089,20150414,2
4503603928192089,20150415,2
4503603928192089,20150416,2
4503603928192089,20150417,2
4503603928192089,20150420,2
4503603928192089,20150421,2
4503603928192089,20150422,2
4503603928192089,20150423,2
4503603928192089,20150424,2
4503603928192089,20150501,2
4503603928192089,20150508,2
4503603928192089,20150514,2
4503603928192089,20150525,2
4503603928193465,20141111,2
4503603928193465,20141225,2
4503603928193465,20150101,2
4503603928193465,20150406,2
4503603928193465,20150501,2
4503603928193465,20150508,2
4503603928193465,20150514,2
4503603928193465,20150525,2
4503603928193465,20150714,2
4503603928201167,20141118,1
4503603928201167,20141125,1
4503603928201167,20141202,1
4503603928201167,20141209,1
4503603928201167,20141216,1
4503603928201167,20141223,1
4503603928201167,20141225,2
4503603928201167,20141230,1
4503603928201167,20150101,2
4503603928201167,20150106,1
4503603928201167,20150113,1
4503603928201167,20150120,1
4503603928201167,20150127,1
4503603928201167,20150203,1
4503603928201167,20150210,1
4503603928201167,20150217,1
4503603928201167,20150224,1
4503603928201167,20150303,1
4503603928201167,20150310,1
4503603928201167,20150317,1
4503603928201167,20150324,1
4503603928201167,20150331,1
4503603928201167,20150406,2
4503603928201167,20150407,1
4503603928201167,20150414,1
4503603928201167,20150421,1
4503603928201167,20150428,1
4503603928201167,20150501,2
4503603928201167,20150505,1
4503603928201167,20150508,2
4503603928201167,20150512,1
4503603928201167,20150514,2
4503603928201167,20150519,1
4503603928201167,20150525,2
4503603928201167,20150526,1
4503603928201167,20150602,1
4503603928201167,20150609,1
4503603928201167,20150616,1
4503603928201167,20150623,1
4503603928201167,20150630,1
4503603928201167,20150707,1
4503603928201167,20150721,1
4503603928201167,20150728,1
4503603928201167,20150804,1
4503603928201167,20150811,1
4503603928201167,20150818,1
4503603928201167,20150825,1
4503603928201167,20150901,1
4503603928201167,20150908,1
4503603928201167,20150915,1
4503603928201167,20150922,1
4503603928201167,20150929,1
4503603928201167,20151006,1
4503603928201167,20151013,1
4503603928201167,20151020,1
4503603928201167,20151027,1
4503603928201167,20151103,1
4503603928201167,20151110,1
4503603928201167,20151111,2
4503603928201167,20151117,1
4503603928201167,20151124,1
4503603928201167,20151201,1
4503603928201167,20151208,1
4503603928201167,20151215,1
4503603928201167,20151222,1
4503603928201167,20151225,2
4503603928201167,20151229,1
4503603928201185,20150815,2
4503603928201632,20141118,1
4503603928201632,20141125,1
4503603928201632,20141202,1
4503603928201632,20141209,1
4503603928201632,20141216,1
4503603928201632,20141222,2
4503603928201632,20141224,2
4503603928201632,20141225,2
4503603928201632,20141226,2
4503603928201632,20141229,2
4503603928201632,20141231,2
4503603928201632,20150101,2
4503603928201632,20150102,2
4503603928201632,20150106,1
4503603928201632,20150113,1
4503603928201632,20150120,1
4503603928201632,20150127,1
4503603928201632,20150203,1
4503603928201632,20150209,2
4503603928201632,20150211,2
4503603928201632,20150212,2
4503603928201632,20150213,2
4503603928201632,20150216,2
4503603928201632,20150218,2
4503603928201632,20150219,2
4503603928201632,20150220,2
4503603928201632,20150224,1
4503603928201632,20150303,1
4503603928201632,20150310,1
4503603928201632,20150317,1
4503603928201632,20150324,1
4503603928201632,20150331,1
4503603928201632,20150406,2
4503603928201632,20150407,1
4503603928201632,20150413,2
4503603928201632,20150415,2
4503603928201632,20150416,2
4503603928201632,20150417,2
4503603928201632,20150420,2
4503603928201632,20150422,2
4503603928201632,20150423,2
4503603928201632,20150424,2
4503603928201632,20150428,1
4503603928201632,20150501,2
4503603928201632,20150505,1
4503603928201632,20150508,2
4503603928201632,20150512,1
4503603928201632,20150514,2
4503603928201632,20150519,1
4503603928201632,20150525,2
4503603928201632,20150526,1
4503603928201632,20150602,1
4503603928201632,20150609,1
4503603928201632,20150616,1
4503603928201632,20150623,1
4503603928201634,20141118,1
4503603928201634,20141125,1
4503603928201634,20141202,1
4503603928201634,20141209,1
4503603928201634,20141216,1
4503603928201634,20141222,2
4503603928201634,20141225,2
4503603928201634,20141226,2
4503603928201634,20141229,2
4503603928201634,20150101,2
4503603928201634,20150102,2
4503603928201634,20150106,1
4503603928201634,20150113,1
4503603928201634,20150120,1
4503603928201634,20150127,1
4503603928201634,20150203,1
4503603928201634,20150209,2
4503603928201634,20150212,2
4503603928201634,20150213,2
4503603928201634,20150216,2
4503603928201634,20150219,2
4503603928201634,20150220,2
4503603928201634,20150224,1
4503603928201634,20150303,1
4503603928201634,20150310,1
4503603928201634,20150317,1
4503603928201634,20150324,1
4503603928201634,20150331,1
4503603928201634,20150406,2
4503603928201634,20150407,1
4503603928201634,20150413,2
4503603928201634,20150416,2
4503603928201634,20150417,2
4503603928201634,20150420,2
4503603928201634,20150423,2
4503603928201634,20150424,2
4503603928201634,20150428,1
4503603928201634,20150501,2
4503603928201634,20150505,1
4503603928201634,20150508,2
4503603928201634,20150512,1
4503603928201634,20150514,2
4503603928201634,20150519,1
4503603928201634,20150525,2
4503603928201634,20150526,1
4503603928201634,20150602,1
4503603928201634,20150609,1
4503603928201634,20150616,1
4503603928201634,20150623,1
4503603928202491,20141222,2
4503603928202491,20141223,2
4503603928202491,20141224,2
4503603928202491,20141225,2
4503603928202491,20141226,2
4503603928202491,20141229,2
4503603928202491,20141230,2
4503603928202491,20141231,2
4503603928202491,20150101,2
4503603928202491,20150102,2
4503603928202491,20150209,2
4503603928202491,20150210,2
4503603928202491,20150211,2
4503603928202491,20150212,2
4503603928202491,20150213,2
4503603928202491,20150216,2
4503603928202491,20150217,2
4503603928202491,20150218,2
4503603928202491,20150219,2
4503603928202491,20150220,2
4503603928202491,20150406,2
4503603928202491,20150413,2
4503603928202491,20150414,2
4503603928202491,20150415,2
4503603928202491,20150416,2
4503603928202491,20150417,2
4503603928202491,20150420,2
4503603928202491,20150421,2
4503603928202491,20150422,2
4503603928202491,20150423,2
4503603928202491,20150424,2
4503603928202491,20150501,2
4503603928202491,20150508,2
4503603928202491,20150514,2
4503603928202491,20150525,2
4503603928217510,20141222,2
4503603928217510,20141223,2
4503603928217510,20141224,2
4503603928217510,20141225,2
4503603928217510,20141226,2
4503603928217510,20141229,2
4503603928217510,20141230,2
4503603928217510,20141231,2
4503603928217510,20150101,2
4503603928217510,20150102,2
4503603928217510,20150209,2
4503603928217510,20150210,2
4503603928217510,20150211,2
4503603928217510,20150212,2
4503603928217510,20150213,2
4503603928217510,20150216,2
4503603928217510,20150217,2
4503603928217510,20150218,2
4503603928217510,20150219,2
4503603928217510,20150220,2
4503603928217510,20150406,2
4503603928217510,20150413,2
4503603928217510,20150414,2
4503603928217510,20150415,2
4503603928217510,20150416,2
4503603928217510,20150417,2
4503603928217510,20150420,2
4503603928217510,20150421,2
4503603928217510,20150422,2
4503603928217510,20150423,2
4503603928217510,20150424,2
4503603928217510,20150501,2
4503603928217510,20150508,2
4503603928217510,20150514,2
4503603928217510,20150525,2
4503603928220865,20150108,2
4503603928220865,20150115,2
4503603928220865,20150122,2
4503603928220865,20150129,2
4503603928220865,20150205,2
4503603928220865,20150212,2
4503603928220865,20150219,2
4503603928220865,20150226,2
4503603928220865,20150305,2
4503603928220865,20150312,2
4503603928220865,20150319,2
4503603928220865,20150326,2
4503603928220865,20150402,2
4503603928220865,20150406,1
4503603928220865,20150409,2
4503603928220865,20150416,2
4503603928220865,20150423,2
4503603928220865,20150430,2
4503603928220865,20150507,2
4503603928220865,20150508,1
4503603928220865,20150521,2
4503603928220865,20150525,1
4503603928220865,20150528,2
4503603928220865,20150604,2
4503603928220865,20150611,2
4503603928220865,20150618,2
4503603928224620,20150108,1
4503603928224620,20150115,1
4503603928224620,20150122,1
4503603928224620,20150129,1
4503603928224620,20150205,1
4503603928224620,20150212,1
4503603928224620,20150219,1
4503603928224620,20150226,1
4503603928224620,20150305,1
4503603928224620,20150312,1
4503603928224620,20150319,1
4503603928224620,20150326,1
4503603928224620,20150402,1
4503603928224620,20150406,2
4503603928224620,20150409,1
4503603928224620,20150416,1
4503603928224620,20150423,1
4503603928224620,20150430,1
4503603928224620,20150501,2
4503603928224620,20150507,1
4503603928224620,20150508,2
4503603928224620,20150521,1
4503603928224620,20150525,2
4503603928224620,20150528,1
4503603928224620,20150604,1
4503603928224620,20150611,1
4503603928224620,20150618,1
4503603928229282,20150108,2
4503603928229282,20150115,2
4503603928229282,20150122,2
4503603928229282,20150129,2
4503603928229282,20150205,2
4503603928229282,20150212,2
4503603928229282,20150219,2
4503603928229282,20150226,2
4503603928229282,20150305,2
4503603928229282,20150312,2
4503603928229282,20150319,2
4503603928229282,20150326,2
4503603928229282,20150402,2
4503603928229282,20150406,1
4503603928229282,20150409,2
4503603928229282,20150416,2
4503603928229282,20150423,2
4503603928229282,20150430,2
4503603928229282,20150507,2
4503603928229282,20150508,1
4503603928229282,20150521,2
4503603928229282,20150525,1
4503603928229282,20150528,2
4503603928229282,20150604,2
4503603928229282,20150611,2
4503603928229282,20150618,2
4503603928235269,20150209,2
4503603928235269,20150210,2
4503603928235269,20150211,2
4503603928235269,20150212,2
4503603928235269,20150213,2
4503603928235269,20150216,2
4503603928235269,20150217,2
4503603928235269,20150218,2
4503603928235269,20150219,2
4503603928235269,20150220,2
4503603928235269,20150406,2
4503603928235269,20150413,2
4503603928235269,20150414,2
4503603928235269,20150415,2
4503603928235269,20150416,2
4503603928235269,20150417,2
4503603928235269,20150420,2
4503603928235269,20150421,2
4503603928235269,20150422,2
4503603928235269,20150423,2
4503603928235269,20150424,2
4503603928235269,20150501,2
4503603928235269,20150508,2
4503603928235269,20150514,2
4503603928235269,20150525,2
4503603928235343,20150209,2
4503603928235343,20150210,2
4503603928235343,20150211,2
4503603928235343,20150212,2
4503603928235343,20150213,2
4503603928235343,20150216,2
4503603928235343,20150217,2
4503603928235343,20150218,2
4503603928235343,20150219,2
4503603928235343,20150220,2
4503603928235343,20150406,2
4503603928235343,20150413,2
4503603928235343,20150414,2
4503603928235343,20150415,2
4503603928235343,20150416,2
4503603928235343,20150417,2
4503603928235343,20150420,2
4503603928235343,20150421,2
4503603928235343,20150422,2
4503603928235343,20150423,2
4503603928235343,20150424,2
4503603928235343,20150501,2
4503603928235343,20150508,2
4503603928235343,20150514,2
4503603928235343,20150525,2
4503603928235632,20150209,2
4503603928235632,20150210,2
4503603928235632,20150211,2
4503603928235632,20150212,2
4503603928235632,20150213,2
4503603928235632,20150216,2
4503603928235632,20150217,2
4503603928235632,20150218,2
4503603928235632,20150219,2
4503603928235632,20150220,2
4503603928235632,20150406,2
4503603928235632,20150413,2
4503603928235632,20150414,2
4503603928235632,20150415,2
4503603928235632,20150416,2
4503603928235632,20150417,2
4503603928235632,20150420,2
4503603928235632,20150421,2
4503603928235632,20150422,2
4503603928235632,20150423,2
4503603928235632,20150424,2
4503603928235632,20150429,2
4503603928235632,20150501,2
4503603928235632,20150506,2
4503603928235632,20150508,2
4503603928235632,20150513,2
4503603928235632,20150514,2
4503603928235632,20150520,2
4503603928235632,20150525,2
4503603928235632,20150527,2
4503603928235632,20150603,2
4503603928235632,20150610,2
4503603928235632,20150617,2
4503603928235642,20150209,2
4503603928235642,20150210,2
4503603928235642,20150211,2
4503603928235642,20150212,2
4503603928235642,20150213,2
4503603928235642,20150216,2
4503603928235642,20150217,2
4503603928235642,20150218,2
4503603928235642,20150219,2
4503603928235642,20150220,2
4503603928235642,20150406,2
4503603928235642,20150413,2
4503603928235642,20150414,2
4503603928235642,20150415,2
4503603928235642,20150416,2
4503603928235642,20150417,2
4503603928235642,20150420,2
4503603928235642,20150421,2
4503603928235642,20150422,2
4503603928235642,20150423,2
4503603928235642,20150424,2
4503603928235642,20150427,2
4503603928235642,20150428,2
4503603928235642,20150430,2
4503603928235642,20150501,2
4503603928235642,20150504,2
4503603928235642,20150505,2
4503603928235642,20150507,2
4503603928235642,20150508,2
4503603928235642,20150511,2
4503603928235642,20150512,2
4503603928235642,20150514,2
4503603928235642,20150515,2
4503603928235642,20150518,2
4503603928235642,20150519,2
4503603928235642,20150521,2
4503603928235642,20150522,2
4503603928235642,20150525,2
4503603928235642,20150526,2
4503603928235642,20150528,2
4503603928235642,20150529,2
4503603928235642,20150601,2
4503603928235642,20150602,2
4503603928235642,20150604,2
4503603928235642,20150605,2
4503603928235642,20150608,2
4503603928235642,20150609,2
4503603928235642,20150611,2
4503603928235642,20150612,2
4503603928235642,20150615,2
4503603928235642,20150616,2
4503603928237890,20150209,2
4503603928237890,20150210,2
4503603928237890,20150211,2
4503603928237890,20150212,2
4503603928237890,20150213,2
4503603928237890,20150216,2
4503603928237890,20150217,2
4503603928237890,20150218,2
4503603928237890,20150219,2
4503603928237890,20150220,2
4503603928237890,20150413,2
4503603928237890,20150414,2
4503603928237890,20150415,2
4503603928237890,20150416,2
4503603928237890,20150417,2
4503603928237890,20150420,2
4503603928237890,20150421,2
4503603928237890,20150422,2
4503603928237890,20150423,2
4503603928237890,20150424,2
4503603928237890,20150501,2
4503603928237890,20150621,2
4503603928237949,20150209,2
4503603928237949,20150210,2
4503603928237949,20150211,2
4503603928237949,20150212,2
4503603928237949,20150213,2
4503603928237949,20150216,2
4503603928237949,20150217,2
4503603928237949,20150218,2
4503603928237949,20150219,2
4503603928237949,20150220,2
4503603928237949,20150406,2
4503603928237949,20150413,2
4503603928237949,20150414,2
4503603928237949,20150415,2
4503603928237949,20150416,2
4503603928237949,20150417,2
4503603928237949,20150420,2
4503603928237949,20150421,2
4503603928237949,20150422,2
4503603928237949,20150423,2
4503603928237949,20150424,2
4503603928237949,20150501,2
4503603928237949,20150508,2
4503603928237949,20150514,2
4503603928237949,20150525,2
4503603928237975,20150406,2
4503603928237975,20150501,2
4503603928237975,20150508,2
4503603928237975,20150514,2
4503603928237975,20150525,2
4503603928240268,20150213,2
4503603928240268,20150220,2
4503603928240268,20150417,2
4503603928240268,20150424,2
4503603928240268,20150501,2
4503603928240268,20150508,2
4503603928241839,20150406,1
4503603928241839,20150508,1
4503603928241839,20150514,1
4503603928241839,20150525,1
4503603928241868,20150209,1
4503603928241868,20150210,1
4503603928241868,20150211,1
4503603928241868,20150212,1
4503603928241868,20150213,1
4503603928241868,20150216,1
4503603928241868,20150217,1
4503603928241868,20150218,1
4503603928241868,20150219,1
4503603928241868,20150220,1
4503603928241868,20150413,1
4503603928241868,20150414,1
4503603928241868,20150415,1
4503603928241868,20150416,1
4503603928241868,20150417,1
4503603928241868,20150420,1
4503603928241868,20150421,1
4503603928241868,20150422,1
4503603928241868,20150423,1
4503603928241868,20150424,1
4503603928241896,20150213,1
4503603928241896,20150220,1
4503603928241896,20150417,1
4503603928241896,20150424,1
4503603928241940,20150406,1
4503603928241940,20150508,1
4503603928241940,20150514,1
4503603928241940,20150525,1
4503603928242731,20150406,1
4503603928242731,20150508,1
4503603928242731,20150514,1
4503603928242731,20150525,1
4503603928246087,20150209,2
4503603928246087,20150210,2
4503603928246087,20150211,2
4503603928246087,20150212,2
4503603928246087,20150213,2
4503603928246087,20150216,2
4503603928246087,20150217,2
4503603928246087,20150218,2
4503603928246087,20150219,2
4503603928246087,20150220,2
4503603928246087,20150406,2
4503603928246087,20150413,2
4503603928246087,20150414,2
4503603928246087,20150415,2
4503603928246087,20150416,2
4503603928246087,20150417,2
4503603928246087,20150420,2
4503603928246087,20150421,2
4503603928246087,20150422,2
4503603928246087,20150423,2
4503603928246087,20150424,2
4503603928246087,20150501,2
4503603928246087,20150508,2
4503603928246087,20150514,2
4503603928246087,20150525,2
4503603928251391,20150406,1
4503603928251391,20150508,1
4503603928251391,20150514,1
4503603928251391,20150525,1
4503603928254242,20150406,2
4503603928254242,20150501,2
4503603928254242,20150508,2
4503603928254242,20150514,2
4503603928254242,20150525,2
4503603928254242,20150714,2
4503603928254242,20151111,2
4503603928254242,20151225,2
4503603928254244,20150223,2
4503603928254244,20150224,2
4503603928254244,20150225,2
4503603928254244,20150226,2
4503603928254244,20150227,2
4503603928254244,20150302,2
4503603928254244,20150303,2
4503603928254244,20150304,2
4503603928254244,20150305,2
4503603928254244,20150306,2
4503603928254244,20150309,2
4503603928254244,20150310,2
4503603928254244,20150311,2
4503603928254244,20150312,2
4503603928254244,20150313,2
4503603928254244,20150316,2
4503603928254244,20150317,2
4503603928254244,20150318,2
4503603928254244,20150319,2
4503603928254244,20150320,2
4503603928254244,20150323,2
4503603928254244,20150324,2
4503603928254244,20150325,2
4503603928254244,20150326,2
4503603928254244,20150327,2
4503603928254244,20150330,2
4503603928254244,20150331,2
4503603928254244,20150401,2
4503603928254244,20150402,2
4503603928254244,20150403,2
4503603928254244,20150406,2
4503603928254244,20150407,2
4503603928254244,20150408,2
4503603928254244,20150409,2
4503603928254244,20150410,2
4503603928254244,20150427,2
4503603928254244,20150428,2
4503603928254244,20150429,2
4503603928254244,20150430,2
4503603928254244,20150501,2
4503603928254244,20150504,2
4503603928254244,20150505,2
4503603928254244,20150506,2
4503603928254244,20150507,2
4503603928254244,20150508,2
4503603928254244,20150511,2
4503603928254244,20150512,2
4503603928254244,20150513,2
4503603928254244,20150514,2
4503603928254244,20150518,2
4503603928254244,20150519,2
4503603928254244,20150520,2
4503603928254244,20150521,2
4503603928254244,20150522,2
4503603928254244,20150525,2
4503603928254244,20150526,2
4503603928254244,20150527,2
4503603928254244,20150528,2
4503603928254244,20150529,2
4503603928254244,20150601,2
4503603928254244,20150602,2
4503603928254244,20150603,2
4503603928254244,20150604,2
4503603928254244,20150605,2
4503603928254244,20150608,2
4503603928254244,20150609,2
4503603928254244,20150610,2
4503603928254244,20150611,2
4503603928254244,20150612,2
4503603928254244,20150615,2
4503603928254244,20150616,2
4503603928254244,20150617,2
4503603928254244,20150618,2
4503603928254244,20150619,2
4503603928254244,20150622,2
4503603928254244,20150623,2
4503603928254244,20150624,2
4503603928254244,20150625,2
4503603928254244,20150626,2
4503603928254244,20150629,2
4503603928254244,20150630,2
4503603928254244,20150701,2
4503603928254244,20150702,2
4503603928254244,20150703,2
4503603928254244,20150714,2
4503603928254244,20150831,2
4503603928254244,20150901,2
4503603928254244,20150902,2
4503603928254244,20150903,2
4503603928254244,20150904,2
4503603928254244,20150907,2
4503603928254244,20150908,2
4503603928254244,20150909,2
4503603928254244,20150910,2
4503603928254244,20150911,2
4503603928254244,20150914,2
4503603928254244,20150915,2
4503603928254244,20150916,2
4503603928254244,20150917,2
4503603928254244,20150918,2
4503603928254244,20150921,2
4503603928254244,20150922,2
4503603928254244,20150923,2
4503603928254244,20150924,2
4503603928254244,20150925,2
4503603928254244,20150928,2
4503603928254244,20150929,2
4503603928254244,20150930,2
4503603928254244,20151001,2
4503603928254244,20151002,2
4503603928254244,20151005,2
4503603928254244,20151006,2
4503603928254244,20151007,2
4503603928254244,20151008,2
4503603928254244,20151009,2
4503603928254244,20151012,2
4503603928254244,20151013,2
4503603928254244,20151014,2
4503603928254244,20151015,2
4503603928254244,20151016,2
4503603928254244,20151102,2
4503603928254244,20151103,2
4503603928254244,20151104,2
4503603928254244,20151105,2
4503603928254244,20151106,2
4503603928254244,20151109,2
4503603928254244,20151110,2
4503603928254244,20151111,2
4503603928254244,20151112,2
4503603928254244,20151113,2
4503603928254244,20151116,2
4503603928254244,20151117,2
4503603928254244,20151118,2
4503603928254244,20151119,2
4503603928254244,20151120,2
4503603928254244,20151123,2
4503603928254244,20151124,2
4503603928254244,20151125,2
4503603928254244,20151126,2
4503603928254244,20151127,2
4503603928254244,20151130,2
4503603928254244,20151201,2
4503603928254244,20151202,2
4503603928254244,20151203,2
4503603928254244,20151204,2
4503603928254244,20151207,2
4503603928254244,20151208,2
4503603928254244,20151209,2
4503603928254244,20151210,2
4503603928254244,20151211,2
4503603928254244,20151214,2
4503603928254244,20151215,2
4503603928254244,20151216,2
4503603928254244,20151217,2
4503603928254244,20151218,2
4503603928254244,20151225,2
4503603928254249,20150406,2
4503603928254249,20150413,2
4503603928254249,20150414,2
4503603928254249,20150415,2
4503603928254249,20150416,2
4503603928254249,20150417,2
4503603928254249,20150420,2
4503603928254249,20150421,2
4503603928254249,20150422,2
4503603928254249,20150423,2
4503603928254249,20150424,2
4503603928254249,20150501,2
4503603928254249,20150508,2
4503603928254249,20150514,2
4503603928254249,20150515,2
4503603928254249,20150525,2
4503603928254249,20150706,2
4503603928254249,20150707,2
4503603928254249,20150708,2
4503603928254249,20150709,2
4503603928254249,20150710,2
4503603928254249,20150713,2
4503603928254249,20150714,2
4503603928254249,20150715,2
4503603928254249,20150716,2
4503603928254249,20150717,2
4503603928254249,20150720,2
4503603928254249,20150721,2
4503603928254249,20150722,2
4503603928254249,20150723,2
4503603928254249,20150724,2
4503603928254249,20150727,2
4503603928254249,20150728,2
4503603928254249,20150729,2
4503603928254249,20150730,2
4503603928254249,20150731,2
4503603928254249,20150803,2
4503603928254249,20150804,2
4503603928254249,20150805,2
4503603928254249,20150806,2
4503603928254249,20150807,2
4503603928254249,20150810,2
4503603928254249,20150811,2
4503603928254249,20150812,2
4503603928254249,20150813,2
4503603928254249,20150814,2
4503603928254249,20150817,2
4503603928254249,20150818,2
4503603928254249,20150819,2
4503603928254249,20150820,2
4503603928254249,20150821,2
4503603928254249,20150824,2
4503603928254249,20150825,2
4503603928254249,20150826,2
4503603928254249,20150827,2
4503603928254249,20150828,2
4503603928254249,20151019,2
4503603928254249,20151020,2
4503603928254249,20151021,2
4503603928254249,20151022,2
4503603928254249,20151023,2
4503603928254249,20151026,2
4503603928254249,20151027,2
4503603928254249,20151028,2
4503603928254249,20151029,2
4503603928254249,20151030,2
4503603928254249,20151111,2
4503603928258975,20150406,2
4503603928258975,20150501,2
4503603928258975,20150508,2
4503603928258975,20150514,2
4503603928258975,20150525,2
4503603928258980,20150406,2
4503603928258980,20150501,2
4503603928258980,20150508,2
4503603928258980,20150514,2
4503603928258980,20150525,2
4503603928264871,20150406,1
4503603928264871,20150508,1
4503603928264871,20150514,1
4503603928264871,20150525,1
4503603928265348,20150406,1
4503603928265348,20150508,1
4503603928265348,20150514,1
4503603928265348,20150525,1
4503603928270354,20150406,2
4503603928270354,20150514,2
4503603928270354,20150525,2
4503603928270354,20150713,2
4503603928270354,20150714,2
4503603928270354,20150715,2
4503603928270354,20150716,2
4503603928270354,20150720,2
4503603928270354,20150721,2
4503603928270354,20150722,2
4503603928270354,20150723,2
4503603928270354,20150727,2
4503603928270354,20150728,2
4503603928270354,20150729,2
4503603928270354,20150730,2
4503603928270354,20150803,2
4503603928270354,20150804,2
4503603928270354,20150805,2
4503603928270354,20150806,2
4503603928270354,20150810,2
4503603928270354,20150811,2
4503603928270354,20150812,2
4503603928270354,20150813,2
4503603928270354,20150817,2
4503603928270354,20150818,2
4503603928270354,20150819,2
4503603928270354,20150820,2
4503603928270354,20150824,2
4503603928270354,20150825,2
4503603928270354,20150826,2
4503603928270354,20150827,2
4503603928270354,20151111,2
4503603928276835,20150406,2
4503603928276835,20150413,2
4503603928276835,20150414,2
4503603928276835,20150415,2
4503603928276835,20150416,2
4503603928276835,20150417,2
4503603928276835,20150420,2
4503603928276835,20150421,2
4503603928276835,20150422,2
4503603928276835,20150423,2
4503603928276835,20150424,2
4503603928276835,20150501,2
4503603928276835,20150508,2
4503603928276835,20150514,2
4503603928276835,20150525,2
4503603928278206,20150325,2
4503603928278206,20150401,2
4503603928278206,20150406,2
4503603928278206,20150408,2
4503603928278206,20150413,2
4503603928278206,20150414,2
4503603928278206,20150415,2
4503603928278206,20150416,2
4503603928278206,20150417,2
4503603928278206,20150420,2
4503603928278206,20150421,2
4503603928278206,20150422,2
4503603928278206,20150423,2
4503603928278206,20150424,2
4503603928278206,20150429,2
4503603928278206,20150501,2
4503603928278206,20150506,2
4503603928278206,20150508,2
4503603928278206,20150513,2
4503603928278206,20150514,2
4503603928278206,20150520,2
4503603928278206,20150525,2
4503603928278206,20150527,2
4503603928278206,20150603,2
4503603928278206,20150610,2
4503603928278206,20150617,2
4503603928278253,20150406,2
4503603928278253,20150413,2
4503603928278253,20150414,2
4503603928278253,20150416,2
4503603928278253,20150417,2
4503603928278253,20150420,2
4503603928278253,20150421,2
4503603928278253,20150423,2
4503603928278253,20150424,2
4503603928278253,20150501,2
4503603928278253,20150508,2
4503603928278253,20150514,2
4503603928278253,20150525,2
4503603928278521,20150406,2
4503603928278521,20150413,2
4503603928278521,20150414,2
4503603928278521,20150415,2
4503603928278521,20150416,2
4503603928278521,20150417,2
4503603928278521,20150420,2
4503603928278521,20150421,2
4503603928278521,20150422,2
4503603928278521,20150423,2
4503603928278521,20150424,2
4503603928278521,20150501,2
4503603928278521,20150508,2
4503603928278521,20150514,2
4503603928278521,20150525,2
4503603928280824,20150406,2
4503603928280824,20150413,2
4503603928280824,20150414,2
4503603928280824,20150415,2
4503603928280824,20150416,2
4503603928280824,20150417,2
4503603928280824,20150420,2
4503603928280824,20150421,2
4503603928280824,20150422,2
4503603928280824,20150423,2
4503603928280824,20150424,2
4503603928280824,20150501,2
4503603928280824,20150508,2
4503603928280824,20150514,2
4503603928280824,20150525,2
4503603928280880,20150406,2
4503603928280880,20150413,2
4503603928280880,20150414,2
4503603928280880,20150416,2
4503603928280880,20150417,2
4503603928280880,20150420,2
4503603928280880,20150421,2
4503603928280880,20150423,2
4503603928280880,20150424,2
4503603928280880,20150501,2
4503603928280880,20150508,2
4503603928280880,20150514,2
4503603928280880,20150525,2
4503603928281736,20150406,2
4503603928281736,20150413,2
4503603928281736,20150414,2
4503603928281736,20150416,2
4503603928281736,20150417,2
4503603928281736,20150420,2
4503603928281736,20150421,2
4503603928281736,20150423,2
4503603928281736,20150424,2
4503603928281736,20150501,2
4503603928281736,20150508,2
4503603928281736,20150514,2
4503603928281736,20150525,2
4503603928281838,20150110,2
4503603928281838,20150117,2
4503603928281838,20150124,2
4503603928281838,20150131,2
4503603928281838,20150207,2
4503603928281838,20150214,2
4503603928281838,20150221,2
4503603928281838,20150228,2
4503603928281838,20150307,2
4503603928281838,20150314,2
4503603928281838,20150321,2
4503603928281838,20150328,2
4503603928281838,20150404,2
4503603928281838,20150411,2
4503603928281838,20150418,2
4503603928281838,20150425,2
4503603928281838,20150502,2
4503603928281838,20150523,2
4503603928281838,20150530,2
4503603928281838,20150606,2
4503603928281838,20150613,2
4503603928281838,20150620,2
4503603928281838,20150627,2
4503603928281838,20150704,2
4503603928281838,20150711,2
4503603928281838,20150719,1
4503603928281838,20150726,1
4503603928281838,20150802,1
4503603928281838,20150809,1
4503603928281838,20150816,1
4503603928281838,20150823,1
4503603928281838,20150905,2
4503603928281838,20150912,2
4503603928281838,20150919,2
4503603928281838,20150926,2
4503603928281838,20151003,2
4503603928281838,20151010,2
4503603928281838,20151017,2
4503603928281838,20151024,2
4503603928281838,20151031,2
4503603928281838,20151107,2
4503603928281838,20151114,2
4503603928281838,20151121,2
4503603928281838,20151128,2
4503603928281838,20151205,2
4503603928281838,20151212,2
4503603928281838,20151219,2
4503603928281864,20150502,2
4503603928281864,20150509,2
4503603928281864,20150516,2
4503603928281864,20150718,2
4503603928281864,20150719,2
4503603928281864,20150725,2
4503603928281864,20150726,2
4503603928281864,20150801,2
4503603928281864,20150802,2
4503603928281864,20150808,2
4503603928281864,20150809,2
4503603928281864,20150815,2
4503603928281864,20150816,2
4503603928281864,20150822,2
4503603928281864,20150823,2
4503603928281864,20150829,2
4503603928281864,20151226,2
4503603928281929,20150108,2
4503603928281929,20150115,2
4503603928281929,20150122,2
4503603928281929,20150129,2
4503603928281929,20150205,2
4503603928281929,20150212,2
4503603928281929,20150219,2
4503603928281929,20150226,2
4503603928281929,20150305,2
4503603928281929,20150312,2
4503603928281929,20150319,2
4503603928281929,20150326,2
4503603928281929,20150402,2
4503603928281929,20150405,1
4503603928281929,20150409,2
4503603928281929,20150416,2
4503603928281929,20150423,2
4503603928281929,20150430,2
4503603928281929,20150507,2
4503603928281929,20150508,1
4503603928281929,20150521,2
4503603928281929,20150524,1
4503603928281929,20150528,2
4503603928281929,20150604,2
4503603928281929,20150611,2
4503603928281929,20150618,2
4503603928281929,20150625,2
4503603928281929,20150702,2
4503603928281929,20150709,2
4503603928281929,20150712,1
4503603928281929,20150714,1
4503603928281929,20150716,2
4503603928281929,20150719,1
4503603928281929,20150723,2
4503603928281929,20150726,1
4503603928281929,20150730,2
4503603928281929,20150802,1
4503603928281929,20150806,2
4503603928281929,20150809,1
4503603928281929,20150813,2
4503603928281929,20150815,1
4503603928281929,20150816,1
4503603928281929,20150820,2
4503603928281929,20150823,1
4503603928281929,20150827,2
4503603928281929,20150903,2
4503603928281929,20150910,2
4503603928281929,20150917,2
4503603928281929,20150924,2
4503603928281929,20151001,2
4503603928281929,20151008,2
4503603928281929,20151015,2
4503603928281929,20151022,2
4503603928281929,20151029,2
4503603928281929,20151105,2
4503603928281929,20151111,1
4503603928281929,20151112,2
4503603928281929,20151119,2
4503603928281929,20151126,2
4503603928281929,20151203,2
4503603928281929,20151210,2
4503603928281929,20151217,2
4503603928281929,20151224,2
4503603928281929,20151225,1
4503603928282095,20150815,2
4503603928282367,20150522,2
4503603928282367,20150529,2
4503603928282367,20150605,2
4503603928282367,20150612,2
4503603928282367,20150619,2
4503603928282367,20150626,2
4503603928282367,20150703,2
4503603928282367,20150710,2
4503603928282367,20150717,2
4503603928282367,20150828,2
4503603928282367,20150904,2
4503603928282367,20150911,2
4503603928282367,20150918,2
4503603928282367,20150925,2
4503603928282367,20151002,2
4503603928282367,20151009,2
4503603928282367,20151016,2
4503603928282367,20151023,2
4503603928282367,20151025,1
4503603928282367,20151030,2
4503603928282367,20151106,2
4503603928282367,20151113,2
4503603928282367,20151120,2
4503603928282367,20151127,2
4503603928282367,20151204,2
4503603928282367,20151211,2
4503603928282367,20151213,1
4503603928282367,20151218,2
4503603928282367,20151220,1
4503603928282700,20150405,2
4503603928282700,20150406,1
4503603928282700,20150524,2
4503603928282700,20150525,1
4503603928282700,20150621,2
4503603928282700,20150712,2
4503603928282700,20150719,2
4503603928282700,20150726,2
4503603928282700,20150802,2
4503603928282700,20150809,2
4503603928282700,20150816,2
4503603928282700,20150823,2
4503603928282700,20151025,2
4503603928282700,20151101,2
4503603928282700,20151206,2
4503603928282700,20151213,2
4503603928282700,20151220,2
4503603928282949,20150721,1
4503603928282949,20150722,1
4503603928282949,20150723,1
4503603928282949,20150728,1
4503603928282949,20150729,1
4503603928282949,20150730,1
4503603928282949,20150804,1
4503603928282949,20150805,1
4503603928282949,20150806,1
4503603928282949,20150811,1
4503603928282949,20150812,1
4503603928282949,20150813,1
4503603928282949,20150818,1
4503603928282949,20150819,1
4503603928282949,20150820,1
4503603928282949,20150824,2
4503603928282949,20150831,2
4503603928282949,20150907,2
4503603928282949,20150914,2
4503603928282949,20150921,2
4503603928282949,20150928,2
4503603928282949,20151005,2
4503603928282949,20151012,2
4503603928282949,20151019,2
4503603928282949,20151026,2
4503603928282949,20151102,2
4503603928282949,20151109,2
4503603928282949,20151116,2
4503603928282949,20151123,2
4503603928282949,20151130,2
4503603928282949,20151206,1
4503603928283240,20150722,2
4503603928283240,20150723,2
4503603928283240,20150729,2
4503603928283240,20150730,2
4503603928283240,20150805,2
4503603928283240,20150806,2
4503603928283240,20150812,2
4503603928283240,20150813,2
4503603928283240,20150819,2
4503603928283240,20150820,2
4503603928283240,20150824,1
4503603928283240,20150825,1
4503603928283240,20150902,2
4503603928283240,20150903,2
4503603928283240,20150909,2
4503603928283240,20150910,2
4503603928283240,20150916,2
4503603928283240,20150917,2
4503603928283240,20150923,2
4503603928283240,20150924,2
4503603928283240,20150930,2
4503603928283240,20151001,2
4503603928283240,20151007,2
4503603928283240,20151008,2
4503603928283240,20151014,2
4503603928283240,20151015,2
4503603928283240,20151021,2
4503603928283240,20151022,2
4503603928283240,20151028,2
4503603928283240,20151029,2
4503603928283240,20151104,2
4503603928283240,20151105,2
4503603928283240,20151111,2
4503603928283240,20151112,2
4503603928283240,20151118,2
4503603928283240,20151119,2
4503603928283240,20151125,2
4503603928283240,20151126,2
4503603928283240,20151202,2
4503603928283240,20151203,2
4503603928283240,20151209,2
4503603928283240,20151210,2
4503603928283240,20151216,2
4503603928283240,20151217,2
4503603928283240,20151221,1
4503603928283240,20151222,1
4503603928283240,20151228,1
4503603928283240,20151229,1
4503603928283668,20150718,2
4503603928283668,20150725,2
4503603928283668,20150801,2
4503603928283668,20150808,2
4503603928283668,20150815,2
4503603928283668,20150822,2
4503603928284048,20150109,2
4503603928284048,20150116,2
4503603928284048,20150123,2
4503603928284048,20150130,2
4503603928284048,20150206,2
4503603928284048,20150213,2
4503603928284048,20150220,2
4503603928284048,20150227,2
4503603928284048,20150306,2
4503603928284048,20150313,2
4503603928284048,20150320,2
4503603928284048,20150327,2
4503603928284048,20150403,2
4503603928284048,20150410,2
4503603928284048,20150417,2
4503603928284048,20150424,2
4503603928284048,20150501,2
4503603928284048,20150508,2
4503603928284048,20150515,2
4503603928284048,20150522,2
4503603928284048,20150529,2
4503603928284048,20150605,2
4503603928284048,20150612,2
4503603928284048,20150619,2
4503603928284048,20150626,2
4503603928284048,20150703,2
4503603928284048,20150710,2
4503603928284048,20150724,2
4503603928284048,20150731,2
4503603928284048,20150807,2
4503603928284048,20150814,2
4503603928284048,20150821,2
4503603928284048,20150904,2
4503603928284048,20150911,2
4503603928284048,20150918,2
4503603928284048,20150925,2
4503603928284048,20151002,2
4503603928284048,20151009,2
4503603928284048,20151016,2
4503603928284048,20151023,2
4503603928284048,20151030,2
4503603928284048,20151106,2
4503603928284048,20151113,2
4503603928284048,20151120,2
4503603928284048,20151127,2
4503603928284048,20151204,2
4503603928284048,20151211,2
4503603928284048,20151218,2
4503603928284048,20151225,2
4503603928284048,20151231,1
4503603928284457,20150501,2
4503603928284457,20150508,2
4503603928284457,20150515,2
4503603928284457,20150621,1
4503603928284457,20150717,2
4503603928284457,20150724,2
4503603928284457,20150731,2
4503603928284457,20150807,2
4503603928284457,20150814,2
4503603928284457,20150821,2
4503603928284457,20150828,2
4503603928284457,20151101,1
4503603928298098,20150424,2
4503603928298098,20150501,2
4503603928298098,20150508,2
4503603928298098,20150515,2
4503603928298098,20150621,1
4503603928298098,20150717,2
4503603928298098,20150724,2
4503603928298098,20150731,2
4503603928298098,20150807,2
4503603928298098,20150814,2
4503603928298098,20150821,2
4503603928298098,20150828,2
4503603928299046,20150725,2
4503603928299046,20150801,2
4503603928299046,20150808,2
4503603928299046,20150815,2
4503603928299046,20150822,2
4503603928299046,20151213,1
4503603928299046,20151220,1
4503603928299703,20150405,2
4503603928299703,20150406,1
4503603928299703,20150524,2
4503603928299703,20150525,1
4503603928299703,20150621,2
4503603928299703,20150712,2
4503603928299703,20150719,2
4503603928299703,20150726,2
4503603928299703,20150802,2
4503603928299703,20150809,2
4503603928299703,20150816,2
4503603928299703,20151025,2
4503603928299703,20151206,2
4503603928299703,20151213,2
4503603928299703,20151220,2
4503603928301438,20150501,2
4503603928301438,20150508,2
4503603928301438,20150515,2
4503603928301438,20150522,2
4503603928301438,20150529,2
4503603928301438,20150605,2
4503603928301438,20150612,2
4503603928301438,20150619,2
4503603928301438,20150626,2
4503603928301438,20150703,2
4503603928301438,20150710,2
4503603928301438,20150724,2
4503603928301438,20150731,2
4503603928301438,20150807,2
4503603928301438,20150814,2
4503603928301438,20150821,2
4503603928301438,20150904,2
4503603928301438,20150911,2
4503603928301438,20150918,2
4503603928301438,20150925,2
4503603928301438,20151002,2
4503603928301438,20151009,2
4503603928301438,20151016,2
4503603928301438,20151023,2
4503603928301438,20151030,2
4503603928301438,20151106,2
4503603928301438,20151113,2
4503603928301438,20151120,2
4503603928301438,20151127,2
4503603928301438,20151204,2
4503603928301438,20151211,2
4503603928301438,20151218,2
4503603928301438,20151225,2
4503603928301438,20151231,1
4503603928302148,20150721,1
4503603928302148,20150722,1
4503603928302148,20150723,1
4503603928302148,20150728,1
4503603928302148,20150729,1
4503603928302148,20150730,1
4503603928302148,20150804,1
4503603928302148,20150805,1
4503603928302148,20150806,1
4503603928302148,20150811,1
4503603928302148,20150812,1
4503603928302148,20150813,1
4503603928302148,20150818,1
4503603928302148,20150819,1
4503603928302148,20150820,1
4503603928302148,20150824,2
4503603928302148,20150831,2
4503603928302148,20150907,2
4503603928302148,20150914,2
4503603928302148,20150921,2
4503603928302148,20150928,2
4503603928302148,20151005,2
4503603928302148,20151012,2
4503603928302148,20151019,2
4503603928302148,20151025,1
4503603928302642,20150109,2
4503603928302642,20150116,2
4503603928302642,20150123,2
4503603928302642,20150130,2
4503603928302642,20150206,2
4503603928302642,20150213,2
4503603928302642,20150220,2
4503603928302642,20150227,2
4503603928302642,20150306,2
4503603928302642,20150313,2
4503603928302642,20150320,2
4503603928302642,20150327,2
4503603928302642,20150403,2
4503603928302642,20150410,2
4503603928302642,20150417,2
4503603928302642,20150424,2
4503603928302642,20150501,2
4503603928302642,20150508,2
4503603928302642,20150522,2
4503603928302642,20150529,2
4503603928302642,20150605,2
4503603928302642,20150612,2
4503603928302642,20150619,2
4503603928302642,20150626,2
4503603928302642,20150703,2
4503603928302642,20150710,2
4503603928302642,20150717,2
4503603928303144,20150815,2
4503603928303144,20150829,2
4503603928303144,20150905,2
4503603928303144,20150912,2
4503603928303144,20150919,2
4503603928303144,20150926,2
4503603928303144,20151003,2
4503603928303144,20151010,2
4503603928303144,20151017,2
4503603928303144,20151024,2
4503603928303144,20151031,2
4503603928303144,20151107,2
4503603928303144,20151114,2
4503603928303144,20151121,2
4503603928303144,20151128,2
4503603928303144,20151205,2
4503603928303144,20151206,1
4503603928303144,20151212,2
4503603928303144,20151219,2
4503603928303582,20150108,2
4503603928303582,20150115,2
4503603928303582,20150122,2
4503603928303582,20150129,2
4503603928303582,20150205,2
4503603928303582,20150212,2
4503603928303582,20150219,2
4503603928303582,20150226,2
4503603928303582,20150305,2
4503603928303582,20150312,2
4503603928303582,20150319,2
4503603928303582,20150326,2
4503603928303582,20150402,2
4503603928303582,20150405,1
4503603928303582,20150409,2
4503603928303582,20150416,2
4503603928303582,20150423,2
4503603928303582,20150430,2
4503603928303582,20150507,2
4503603928303582,20150508,1
4503603928303582,20150521,2
4503603928303582,20150524,1
4503603928303582,20150528,2
4503603928303582,20150604,2
4503603928303582,20150611,2
4503603928303582,20150618,2
4503603928303582,20150625,2
4503603928303582,20150702,2
4503603928303582,20150709,2
4503603928303582,20150712,1
4503603928303582,20150714,1
4503603928303582,20150716,2
4503603928303582,20150719,1
4503603928303582,20150723,2
4503603928303582,20150726,1
4503603928303582,20150730,2
4503603928303582,20150802,1
4503603928303582,20150806,2
4503603928303582,20150809,1
4503603928303582,20150813,2
4503603928303582,20150815,1
4503603928303582,20150816,1
4503603928303582,20150820,2
4503603928303582,20150827,2
4503603928303582,20150903,2
4503603928303582,20150910,2
4503603928303582,20150917,2
4503603928303582,20150924,2
4503603928303582,20151001,2
4503603928303582,20151008,2
4503603928303582,20151015,2
4503603928303582,20151022,2
4503603928303582,20151029,2
4503603928303582,20151105,2
4503603928303582,20151111,1
4503603928303582,20151112,2
4503603928303582,20151119,2
4503603928303582,20151126,2
4503603928303582,20151203,2
4503603928303582,20151210,2
4503603928303582,20151217,2
4503603928303582,20151224,2
4503603928303582,20151225,1
4503603928303936,20150425,2
4503603928303936,20150502,2
4503603928303936,20150509,2
4503603928303936,20150516,2
4503603928303936,20150718,2
4503603928303936,20150725,2
4503603928303936,20150726,2
4503603928303936,20150801,2
4503603928303936,20150802,2
4503603928303936,20150808,2
4503603928303936,20150809,2
4503603928303936,20150815,2
4503603928303936,20150816,2
4503603928303936,20150822,2
4503603928303936,20150823,2
4503603928303936,20150829,2
4503603928304016,20150110,2
4503603928304016,20150117,2
4503603928304016,20150124,2
4503603928304016,20150131,2
4503603928304016,20150207,2
4503603928304016,20150214,2
4503603928304016,20150221,2
4503603928304016,20150228,2
4503603928304016,20150307,2
4503603928304016,20150314,2
4503603928304016,20150321,2
4503603928304016,20150328,2
4503603928304016,20150404,2
4503603928304016,20150411,2
4503603928304016,20150418,2
4503603928304016,20150502,2
4503603928304016,20150523,2
4503603928304016,20150530,2
4503603928304016,20150606,2
4503603928304016,20150613,2
4503603928304016,20150620,2
4503603928304016,20150627,2
4503603928304016,20150704,2
4503603928304016,20150711,2
4503603928304016,20150726,1
4503603928304016,20150802,1
4503603928304016,20150809,1
4503603928304016,20150816,1
4503603928304016,20150823,1
4503603928304016,20150905,2
4503603928304016,20150912,2
4503603928304016,20150919,2
4503603928304016,20150926,2
4503603928304016,20151003,2
4503603928304016,20151010,2
4503603928304016,20151017,2
4503603928304016,20151024,2
4503603928304016,20151031,2
4503603928304016,20151107,2
4503603928304016,20151114,2
4503603928304016,20151121,2
4503603928304016,20151128,2
4503603928304016,20151205,2
4503603928304016,20151212,2
4503603928304016,20151219,2
4503603928304016,20151227,1
4503603928309005,20150406,2
4503603928309005,20150413,2
4503603928309005,20150414,2
4503603928309005,20150415,2
4503603928309005,20150416,2
4503603928309005,20150417,2
4503603928309005,20150420,2
4503603928309005,20150421,2
4503603928309005,20150422,2
4503603928309005,20150423,2
4503603928309005,20150424,2
4503603928309005,20150501,2
4503603928309005,20150508,2
4503603928309005,20150514,2
4503603928309005,20150525,2
4503603928309074,20150406,2
4503603928309074,20150413,2
4503603928309074,20150414,2
4503603928309074,20150416,2
4503603928309074,20150417,2
4503603928309074,20150420,2
4503603928309074,20150421,2
4503603928309074,20150423,2
4503603928309074,20150424,2
4503603928309074,20150501,2
4503603928309074,20150508,2
4503603928309074,20150514,2
4503603928309074,20150525,2
4503603928319620,20150406,1
4503603928319620,20150508,1
4503603928319620,20150514,1
4503603928319620,20150525,1
4503603928328756,20150406,2
4503603928328756,20150413,2
4503603928328756,20150414,2
4503603928328756,20150415,2
4503603928328756,20150416,2
4503603928328756,20150417,2
4503603928328756,20150420,2
4503603928328756,20150421,2
4503603928328756,20150422,2
4503603928328756,20150423,2
4503603928328756,20150424,2
4503603928328756,20150501,2
4503603928328756,20150508,2
4503603928328756,20150514,2
4503603928328756,20150525,2
4503603928330773,20150414,2
4503603928330773,20150415,2
4503603928330773,20150416,2
4503603928330773,20150417,2
4503603928330773,20150421,2
4503603928330773,20150422,2
4503603928330773,20150423,2
4503603928330773,20150424,2
4503603928330773,20150427,1
4503603928330773,20150501,2
4503603928330773,20150504,1
4503603928330773,20150508,2
4503603928330773,20150511,1
4503603928330773,20150514,2
4503603928330773,20150518,1
4503603928330773,20150601,1
4503603928330773,20150608,1
4503603928330773,20150615,1
4503603928330773,20150622,1
4503603928333049,20150427,1
4503603928333049,20150428,1
4503603928333049,20150429,1
4503603928333049,20150430,1
4503603928333049,20150504,1
4503603928333049,20150505,1
4503603928333049,20150506,1
4503603928333049,20150507,1
4503603928333049,20150511,1
4503603928333049,20150512,1
4503603928333049,20150513,1
4503603928333049,20150515,1
4503603928333049,20150518,1
4503603928333049,20150519,1
4503603928333049,20150520,1
4503603928333049,20150521,1
4503603928333049,20150522,1
4503603928333049,20150526,1
4503603928333049,20150527,1
4503603928333049,20150528,1
4503603928333049,20150529,1
4503603928333049,20150601,1
4503603928333049,20150602,1
4503603928333049,20150603,1
4503603928333049,20150604,1
4503603928333049,20150605,1
4503603928333049,20150608,1
4503603928333049,20150609,1
4503603928333049,20150610,1
4503603928333049,20150611,1
4503603928333049,20150612,1
4503603928333049,20150615,1
4503603928333049,20150616,1
4503603928333049,20150617,1
4503603928333049,20150618,1
4503603928333049,20150619,1
4503603928333049,20150622,1
4503603928333049,20150623,1
4503603928333303,20150508,1
4503603928333303,20150514,1
4503603928333303,20150525,1
4503603928334002,20150508,1
4503603928334002,20150514,1
4503603928334002,20150525,1
4503603928334696,20150427,2
4503603928334696,20150428,2
4503603928334696,20150429,2
4503603928334696,20150430,2
4503603928334696,20150501,2
4503603928334696,20150504,2
4503603928334696,20150505,2
4503603928334696,20150506,2
4503603928334696,20150507,2
4503603928334696,20150508,2
4503603928334696,20150512,2
4503603928334696,20150513,2
4503603928334696,20150514,2
4503603928334696,20150525,2
4503603928334696,20150601,2
4503603928334696,20150602,2
4503603928334696,20150603,2
4503603928340994,20150406,2
4503603928340994,20150501,2
4503603928340994,20150508,2
4503603928340994,20150514,2
4503603928340994,20150525,2
4503603928340994,20150714,2
4503603928349321,20150508,1
4503603928349321,20150514,1
4503603928349321,20150525,1
4503603928357640,20150514,2
4503603928357640,20150515,1
4503603928357640,20150522,1
4503603928357640,20150525,2
4503603928357640,20150529,1
4503603928357640,20150605,1
4503603928357640,20150612,1
4503603928357640,20150619,1
4503603928357788,20150514,2
4503603928357788,20150515,1
4503603928357788,20150522,1
4503603928357788,20150525,2
4503603928357788,20150529,1
4503603928357788,20150605,1
4503603928357788,20150612,1
4503603928357788,20150619,1
4503603928358870,20150514,2
4503603928358870,20150515,1
4503603928358870,20150522,1
4503603928358870,20150525,2
4503603928358870,20150529,1
4503603928358870,20150605,1
4503603928358870,20150612,1
4503603928358870,20150619,1
4503603928359210,20150514,2
4503603928359210,20150515,1
4503603928359210,20150522,1
4503603928359210,20150525,2
4503603928359210,20150529,1
4503603928359210,20150605,1
4503603928359210,20150612,1
4503603928365483,20150514,2
4503603928365483,20150515,1
4503603928365483,20150522,1
4503603928365483,20150525,2
4503603928365483,20150529,1
4503603928365483,20150605,1
4503603928365483,20150612,1
4503603928365483,20150619,1
4503603928366935,20150515,2
4503603928366935,20150521,2
4503603928366935,20150522,2
4503603928366935,20150525,1
4503603928366935,20150528,2
4503603928366935,20150529,2
4503603928366935,20150604,2
4503603928366935,20150605,2
4503603928366935,20150611,2
4503603928366935,20150612,2
4503603928366935,20150618,2
4503603928366935,20150619,2
